38,5
38,4
38,3
38,2
0,451
0,450
38,1
38,0
0,449
0,448
0,447
0,446
0,445
0,444
0,443
0,442
0,441
0,440
0,439
0,438
0,437
0,436
0,435
37,4
37,3
37,2
0,434
37,1
37,0
0,433
0,432
36,3
36,2
0,431
36,1
36,0
0,430
0,429
0,428
35,3
35,2
0,427
35,1
35,0
0,426
0,425
0,424
0,423
0,422
0,421
34,4
0,420
0,419
0,418
34,3
34,2
0,417
0,416
34,1
34,0
0,415
0,414
0,413
0,412
33,4
0,411
0,410
0,409
33,3
33,2
0,408
0,407
33,1
33,0
0,406
0,405
32,3
32,2
0,404
0,403
32,1
32,0
0,402
0,401
0,400
0,399
0,398
0,397
0,396
0,395
0,394
31,5
31,4
31,3
31,2
0,393
31,1
31,0
0,278
0,392
0,391
0,390
0,389
0,388
0,387
0,386
0,385
0,273
0,270
30,4
30,3
30,2
30,1
30,0
29,3
29,2
